matrk1m3.txt - (74, 4)
matrk2m1.txt - (74, 10)
matrk2m2.txt - (74, 10)
matrk2m3.txt - (74, 10)
matrk3m1.txt - (74, 27)
matrk3m2.txt - (74, 27)
matrk3m3.txt - (74, 27)

1 -88.63 32.27 48.2 -183.27
2 -42.07 96.8 42.01 -187.69
3 -.5 152.01 37.47 -138.35
4 -11.73 134.98 36 -159.6
5 36.074 115.205 25.2656 26.42 196.62 33.31 16 -129.72
6 27.852 116.426 25.2923 24.59 187.8 32.9 15 -159.9
7 9.503 122.074 25.7243 21.78 160.6 31.57 -16.55
8 68.74 130.688 29.9066 31.55 234.7 29.92 18.42 -95.35
9 60.271 131.933 29.9459 29.86 224.9 29.95 17.38 -153.67
10 63.282 129.717 29.8016 30.27 231.2 30.83 18.12 -118
11 49.741 132.744 29.9347 27.69 216.2 30.67 16.3 -99.87
12 57.988 130.24 29.8104 29.12 227.1 30.99 17.37 -128.54
13 98.427 146.54 34.5505 36.55 267.01 27.01 20.26 -90.61
14 90.052 147.656 34.5908 34.8 257.9 27.2 19.29 -118.28
15 91.85 145.821 34.4597 35.08 262.4 28.1 19.79 -119.4
16 93.475 143.517 34.2827 35.22 267.6 28.6 20.44 -118.6
17 79.197 148.695 34.6166 32.43 247.7 28.4 18.02 -123.81
18 89.784 144.153 34.3237 34.24 264.6 29.2 19.96 -119.1
19 80.5 148.949 34.6192 32.88 247.1 27.4 18.15 -119.24
20 86.064 144.53 34.3323 33.02 263 30 19.59 -134.46
21 80.882 145.191 34.3736 32.04 258.3 29.75 18.76 -24.91
22 125.665 162.592 39.1922 41.48 296.2 24.64 21.76 -56.79
23 117.647 163.663 39.2316 39.68 288 24.8 20.6 -109.04
24 118.925 161.832 39.1001 39.83 292 25.6 21.17 -120.5
25 117.709 162.105 39.1174 39.67 290 25.6 21 -120.95
26 118.534 160.062 38.9441 39.4 292 25.74 21.51
27 106.84 164.285 39.2525 37.29 279 25.6 19.6 -121.18
28 115.607 160.395 38.9808 38.79 293 26.6 20.99
29 109.429 163.093 39.13 37.76 282 25.8 20.05 -137.5
30 109.103 164.697 39.2596 37.86 279 25 19.73 -91.2
31 111.969 160.879 39.0087 37.93 290.84 27.2 20.63 -126.1
32 117.725 158.814 38.8453 39.02 298 27.4 21.64
33 115.65 158.794 38.8362 38.52 295 27.4 21.52 -114.96
34 118.259 157.026 38.7171 37.99 305 28.9 21.99 -90.87
35 109.841 159.526 38.9249 36.91 294 28.2 20.67 -112.27
36 99.238 165.083 39.2617 35.13 271.15 25.5 18.77 -107.38
37 114.76 157.292 38.7617 37.22 303 29 21.56 -100.7
38 113.467 158.852 38.8681 37.61 295 27.6 21.14 -109.21
39 106.47 270.8 24.5
40 150.798 178.713 43.8423 46.44 322 22.74 22.92 -53.52
41 143.26 179.773 43.8795 44.65 315 23.6 21.88 -80.4
42 144.18 177.952 43.7296 44.75 318 23.7 22.34 -107.6
43 142.48 178.15 43.7687 44.75 318.3 23.06 22.34 -113.2
44 143 176.41 43.642 44.81 318 23.98 22.81 -114.9
45 141.2 175.685 43.4907 44.81 318.3 23.98 22.81
46 132.69 180.507 43.9138 42.28 302 22.8 20.8 -113
47 140.5 176.653 43.6269 43.79 315 23.79 22.34 -116
48 133.5 179.12 43.7393 42.87 306 22.7 21.3
49 136 179.371 43.8484 42.87 307.8 22.7 21.3
50 135.21 180.914 43.9258 42.82 306 23.7 20.83 -102.9
51 137.3 176.897 43.687 42.66 314 24.19 22.01
52 140.6 175.349 43.5473 43.84 322.7 24.77 22.8
53 136 177.386 43.6378 42.98 312.3 23.59 21.77
54 135.2 176.897 43.6022 42.66 317.8 24.18 22.01
55 138 175.445 43.655 43.84 322.7 24.77 22.8
56 133.8 177.386 43.6472 42.98 330.3 25.56 21.77
57 140.6 173.077 43.268 43.04 327.2 25.66 23.22
58 140.4 172.844 43.3746 43.95 312.3 23.59 23.27
59 133.6 175.878 43.6226 41.91 318.1 25.07 21.86
60 126.54 179.22 43.7638 40.57 301 23.39 20.51 -120
61 124.084 181.346 43.9356 40.17 296.6 22.41 20.04 -105.78
62 137.68 173.78 43.4347 42.23 326.1 25.56 22.41 -116.8
63 139 173.498 43.3917 42.93 324.2 25.46 22.8
64 131.34 177.656 43.6474 41.42 309.4 23.49 21.27 -127.8
65 130.648 177.187 43.6598 40.84 309.1 23.79 21.17 -113.38
66 140.46 172.055 43.3407 42.28 330.6 26.45 23.27 -101.2
67 146.168 170.185 43.1134 43.36 342.8 26.94 23.75 -33.11
68 133.83 174.537 43.4571 42.02 322.6 25.96 22.38 -99.2
69 142 170.093 42.9542 42.55 338.6 26.94 23.87
70 136.73 173.804 43.4037 42.93 324.2 25.46 22.8 -122.2
71 140.274 169.495 43.2147 41 334.4 27.04 23.38 -9.9
72 133.016 173.557 43.4359 41 319.6 25.66 21.98 -121.09
73 122.284 178.256 43.8747 38.1 301.6 24.58 20.37 -66.54
74 141.551 169.928 43.2016 41.75 334.5 26.85 23.31 -102.12
