matrk1m3.txt - (93, 29)
matrk2m1.txt - (93, 44)
matrk2m2.txt - (93, 60)
matrk2m3.txt - (93, 71)
matrk3m1.txt - (93, 114)
matrk3m2.txt - (93, 137)
matrk3m3.txt - (93, 146)

1 53.6 14.6
2 37.4 15.35
3 47.5 16.22
4 34.3 15.26
5 34.3 15.26
6 41.5 15.7
7 39.5 15.3
8 39.7 15.7
9 47.4 15.88
10 42.4 15.94
11 43 16.2
12 42.5 15.68
13 36.4 15.75
14 36.2 16.1
15 34.4 15.25
16 40.9 17.53
17 38.45 16
18 42.6 15.22
19 47.7 17
20 37.26 14.7
21 40.54 16.14
22 47.12 16.74
23 40.13 16
24 43.2 17.18
25 30.81 16.2
26 42.2 18.03
27 36.5 17.3
28 35.8 17.3
29 42.67 15.15
30 48 16.91
31 47.5 17.11
32 50.4 18.5
33 38.22 18.1
34 39.2 15.2
35 42.3 16.86
36 42.04 17.3
37 43 17.7
38 48.16 16.99
39 37 15.8
40 42.5 17.2
41 39.9 16.2
42 40.4 16.4
43 39.9 16.2
44 46.57 16.7
45 42.28 17
46 37.7 16.3
47 31.5 16
48 31.3 16.2
49 38.9 15.1
50 38.5 17.8
51 37.5 17.6
52 44.2 10
53 55.2 14.9
54 67.86 17.1
55 69.65000000000001 17.6
56 70.95999999999999 17.7
57 65.84999999999999 16.8
58 69.65000000000001 17.3
59 71.7 17.4
60 70.2 17.4
61 67.40000000000001 17
62 72.40000000000001 17.5
63 70.90000000000001 17.4
64 71.7 17.5
65 71.15000000000001 17.4
66 71.90000000000001 17.5
67 73.66 17.5
68 67.95 16.9
69 68.55 17.1
70 67.26000000000001 17.2
71 68.09999999999999 17
72 65.90000000000001 16.6
73 59.9 17.1
74 62.3 17.8
75 50.9 13.9
76 64 16.4
77 57.6 15
78 62.8 16
79 28.26 14.6
80 38.9 13.7
81 29.64 15.6
82 30.95 16.4
83 34.2 13.5
84 38.9 13.6
85 41.6 15.1
86 29.55 15.5
87 42.1 14.8
88 39.4 14.4
89 46.1 16.2
90 39.9 15.8
91 35.6 14.3
92 37.3 15.2
93 40.8 16.4
