matrk1m3.txt - (155, 29)
matrk2m1.txt - (155, 32)
matrk2m2.txt - (155, 58)
matrk2m3.txt - (155, 97)
matrk3m1.txt - (155, 118)
matrk3m2.txt - (155, 182)
matrk3m3.txt - (155, 250)

1 100
2 320
3 320
4 13
5 160
6 291
7 11
9 34
10 43
13 9
14 24
15 114
16 11
17 162
18 108
19 5
20 11
21 7
23 28
24 35
25 33
26 7
27 80
28 32
29 16
30 9
31 8
32 60
33 14
34 17
35 17
36 6
37 5
38 125
39 18
40 81
41 15
42 12
43 21
44 11
45 35
46 21
47 16
48 15
49 20
50 103
51 73
52 27
53 41
54 320
55 296
56 170
57 138
58 320
59 341
60 18
61 9
62 9
63 26
64 35
65 15
66 20
67 80
68 29
69 40
70 53
71 140
72 36
73 109
74 42
75 148
76 191
77 192
78 52
79 37
80 39
81 174
82 320
83 45
84 239
85 7
86 66
87 34
88 18
89 70
90 22
91 18
92 72
93 29
94 56
95 60
96 67
97 9
98 320
99 11
100 132
101 314
102 320
103 320
104 230
105 77
106 251
107 25
108 30
109 30
110 45
111 14
112 9
113 227
114 101
115 138
116 320
117 279
118 47
119 12
121 90
122 72
123 24
124 73
125 45
126 13
127 7
128 18
129 37
132 50
133 68
134 100
135 44
136 37
137 21
138 85
139 42
140 40
141 35
142 37
143 48
144 85
145 19
146 23
147 191
148 143
149 54
150 320
151 135
152 114
153 32
154 63
155 32
156 11
157 113
158 10
159 11
160 244
161 120
162 29
163 29
