0 1 0 0 0 0 0 0 0 2 2 0 0 4 0 0 
0 2 0 0 0 0 0 0 0 2 2 0 0 4 0 0 
0 0 3 0 0 0 0 0 0 0 3 0 3 6 0 0 
1 2 0 0 0 0 0 0 0 1 2 1 0 4 0 0 
0 0 4 0 0 0 0 0 0 0 4 0 4 8 0 0 
0 4 0 0 0 0 0 0 0 2 3 1 0 6 0 0 
0 6 0 0 0 0 0 0 0 2 4 2 0 8 0 0 
0 4 0 0 0 1 0 0 0 2 4 0 0 8 0 0 
0 0 3 0 0 0 0 2 0 0 5 0 1 10 0 0 
2 2 0 0 0 2 0 0 0 0 5 1 0 10 0 0 
2 4 0 0 0 2 0 0 0 0 5 1 0 10 0 0 
2 4 0 0 0 2 0 0 0 0 6 2 0 12 0 0 
2 6 0 0 0 3 0 0 0 0 8 2 0 16 0 0 
2 6 0 0 0 3 0 0 0 0 8 2 0 16 0 0 
1 1 0 0 0 1 0 0 0 0 4 1 0 8 0 0 
0 2 0 0 0 2 0 0 0 0 7 1 0 14 0 0 
0 3 0 0 0 2 0 0 0 0 7 1 0 14 0 0 
0 3 0 0 0 2 0 0 0 0 8 2 0 16 0 0 
1 3 0 0 0 1 0 0 0 0 5 2 0 10 0 0 
0 3 0 1 0 2 0 0 0 0 7 1 0 15 1 0 
1 3 0 1 0 1 0 0 0 0 4 1 0 9 1 0 
1 3 0 0 0 2 0 0 0 0 6 1 0 12 0 0 
0 4 0 2 0 2 0 0 0 0 7 1 0 16 2 0 
0 6 0 0 0 2 0 0 0 0 9 3 0 18 0 0 
0 6 0 0 0 3 0 0 0 0 10 2 0 20 0 0 
0 6 0 0 0 3 0 0 0 0 10 2 0 20 0 0 
0 6 0 2 0 2 0 0 0 0 7 1 0 16 2 0 
0 8 0 0 0 2 0 0 0 0 10 4 0 20 0 0 
0 6 0 2 0 2 0 0 0 0 8 2 0 18 2 0 
0 8 0 0 0 4 0 0 0 0 13 3 0 26 0 0 
0 3 0 0 0 1 0 0 0 0 5 1 0 10 1 0 
0 4 0 0 0 1 0 0 0 0 5 1 0 10 1 0 
1 3 0 0 0 1 0 0 0 0 4 1 0 8 1 0 
0 3 0 1 0 2 0 0 0 0 7 1 0 15 1 0 
1 3 0 1 0 1 0 0 0 0 5 2 0 11 1 0 
1 3 0 1 0 2 0 0 0 0 6 1 0 13 1 0 
1 3 0 1 0 2 0 0 0 0 7 2 0 15 1 0 
0 4 0 2 0 2 0 0 0 0 8 2 0 18 0 0 
2 3 0 1 0 2 0 0 0 0 5 1 0 11 1 0 
0 5 0 2 0 2 0 0 0 0 9 3 0 20 2 0 
2 4 0 2 0 2 0 0 0 0 6 2 0 14 0 0 
0 8 0 2 0 2 0 0 0 0 10 4 0 22 2 0 
2 3 0 2 1 0 0 0 0 1 4 3 0 10 0 0 
0 1 0 1 0 1 0 0 1 0 3 0 0 7 1 0 
1 1 0 1 0 1 0 0 0 0 3 0 0 7 2 0 
1 1 0 0 1 1 0 0 0 0 4 0 0 8 0 0 
0 1 0 2 0 2 0 0 0 2 6 0 0 14 0 0 
0 2 0 0 1 2 0 0 0 0 7 0 0 14 0 0 
0 2 0 1 0 2 0 0 0 0 6 0 0 13 2 0 
0 2 0 1 0 2 0 0 0 2 6 0 0 13 0 0 
1 2 0 1 0 1 0 0 0 0 3 0 0 7 0 0 
0 3 0 1 0 2 0 0 0 0 6 0 0 13 1 0 
1 2 0 1 0 1 0 0 0 0 3 0 0 7 2 0 
0 3 0 0 1 3 0 0 0 0 9 0 0 18 3 0 
0 4 0 1 0 2 0 0 0 0 6 0 0 13 0 0 
2 3 0 1 0 2 0 0 0 0 4 0 0 9 1 0 
0 4 0 2 0 2 0 0 0 0 6 0 0 14 1 0 
0 4 0 2 0 2 0 0 0 2 6 0 0 14 0 0 
0 4 0 2 0 2 0 0 0 0 6 0 0 14 2 0 
0 4 0 0 0 5 0 0 0 0 12 0 0 24 4 0 
0 5 0 2 0 2 0 0 0 2 6 0 0 14 0 0 
0 6 0 2 0 2 0 0 0 0 6 0 0 14 2 0 
0 1 3 0 0 1 0 2 0 0 7 0 1 14 0 0 
1 3 0 1 0 2 0 0 0 0 5 0 0 11 1 0 
1 3 0 1 0 2 0 0 0 1 5 0 0 11 0 0 
1 4 0 1 0 2 0 0 0 0 5 0 0 11 1 0 
1 4 0 1 0 2 0 0 0 0 5 0 0 11 1 0 
2 4 0 1 0 3 0 0 0 0 7 1 0 15 0 0 
0 6 0 2 0 3 0 0 0 0 8 0 0 18 2 0 
0 6 0 2 0 3 0 0 0 0 8 0 0 18 2 0 
0 8 0 2 0 5 0 0 0 0 12 0 0 26 2 0 
2 2 0 0 0 2 0 0 0 0 4 0 0 8 0 0 
2 2 0 0 1 2 0 0 0 0 5 0 0 10 0 0 
2 2 0 0 0 3 0 0 0 0 6 0 0 12 0 0 
2 2 0 2 0 2 0 0 0 0 4 0 0 10 2 0 
2 3 0 1 0 2 0 0 0 0 4 0 0 9 1 0 
0 0 4 0 0 0 1 2 0 0 4 0 0 8 0 4 

