matrk1m3.txt - (77, 16)
matrk2m1.txt - (77, 25)
matrk2m2.txt - (77, 31)
matrk2m3.txt - (77, 39)
matrk3m1.txt - (77, 73)
matrk3m2.txt - (77, 80)
matrk3m3.txt - (77, 97)

1 13
2 34
3 24
4 114
5 26
6 39
7 53
8 35
9 14
10 29
11 80
12 72
13 44
14 37
15 9
16 5
17 6
18 5
19 11
20 9
21 35
22 20
23 14
24 12
25 10
26 11
27 29
28 19
29 29
30 23
31 7
32 12
33 21
34 9
35 15
36 22
37 18
38 9
39 47
40 11
41 37
42 19
43 90
44 18
45 28
46 33
47 9
48 8
49 16
50 17
51 125
52 18
53 81
54 7
55 34
56 279
57 30
58 45
59 30
60 7
61 113
62 120
63 18
64 70
65 72
66 101
67 138
68 72
69 50
70 68
71 32
72 80
73 56
74 29
75 227
76 320
77 66
